$ 1 5.0E-6 10.20027730826997 50 5.0 50
a 448 192 528 192 1 15.0 -15.0 1000000.0
r 528 256 448 256 0 100000.0
r 448 208 384 208 0 1000.0
w 448 208 448 256 0
w 528 192 528 256 0
172 384 208 336 208 0 6 2.2 5.0 0.0 0.0 0.5 I_SET
172 384 176 336 176 0 6 2.85 5.0 0.0 0.0 0.5 I_DIFF
w 384 176 448 176 0
O 528 192 576 192 1
r 448 304 528 304 0 100000.0
r 448 352 384 352 0 1000.0
w 384 176 384 160 0
w 384 160 304 160 0
w 448 304 448 352 0
w 528 304 528 368 0
O 528 368 576 368 1
a 448 368 528 368 0 15.0 -15.0 1000000.0
w 384 384 384 208 0
w 304 160 304 352 0
w 384 352 304 352 0
w 384 384 448 384 0
o 6 64 0 35 5.0 1.953125E-4 0 -1
o 15 64 0 34 20.0 9.765625E-5 1 -1
o 8 64 0 34 20.0 9.765625E-5 1 -1
