$ 1 5.0E-6 10.20027730826997 50 5.0 50
w 400 96 512 96 1
R 288 96 256 96 0 0 40.0 15.0 0.0 0.0 0.5
O 400 96 400 48 1
w 352 96 304 96 0
w 288 96 304 96 0
w 384 208 384 240 0
r 384 160 384 208 0 10000.0
174 512 96 608 128 0 1000.0 0.0050 Positive Load
g 560 128 560 160 0
r 384 272 384 320 0 100000.0
w 304 384 352 384 0
w 304 384 288 384 0
R 288 384 256 384 0 0 40.0 -15.0 0.0 0.0 0.5
w 496 384 400 384 1
174 496 384 624 352 0 1000.0 0.0050 Negative Load
g 560 352 560 320 0
O 400 384 400 432 1
x 98 179 298 182 0 10 Voltages > ~1V will limit positive current
x 98 198 308 201 0 10 Voltages < ~-1V will limit negative current
t 368 128 368 96 1 -1 1.1119574490344846 -0.7724516998688529 100.0
t 384 160 384 128 1 -1 0.45488376208666104 -0.6570736869478235 100.0
w 384 96 400 96 0
w 400 96 400 128 0
t 384 320 384 352 0 1 -1.0412657425646419 0.6559347557449797 100.0
t 368 352 368 384 0 1 -1.6972004983096216 0.7713127686660108 100.0
w 384 384 400 384 0
w 400 352 400 384 0
a 240 240 320 240 1 15.0 -15.0 1000000.0
g 176 288 144 288 0
172 240 224 192 224 0 6 1.0 5.0 -5.0 0.0 0.5 Limiting
w 320 240 384 240 0
r 240 288 320 288 0 10000.0
r 240 288 176 288 0 1000.0
w 240 256 240 288 0
w 320 288 320 240 0
w 384 272 384 240 0
