$ 1 4.9999999999999996E-6 6.186780925036789 51 5.0 50
t 672 272 720 272 0 1 -11.243841470084908 0.71826707497166 100.0
t 672 336 720 336 0 -1 17.92226717125295 -0.11562428369047995 100.0
a 336 288 448 288 1 15.0 -15.0 1000000.0
172 336 272 304 272 0 6 5.0 5.0 0.0 0.0 0.5 Voltage Setpoint
w 720 288 720 304 0
w 720 304 720 320 0
r 1120 304 1184 304 0 10.0
g 1184 304 1216 304 0
R 720 224 720 176 0 0 40.0 15.0 0.0 0.0 0.5
R 720 368 720 416 0 0 40.0 -15.0 0.0 0.0 0.5
r 880 576 880 640 0 1000.0
r 752 304 816 304 0 0.1
w 720 304 752 304 0
r 752 176 752 304 0 1000.0
r 752 112 752 176 0 10000.0
r 816 256 816 304 0 1000.0
r 816 256 960 256 0 10000.0
w 1120 304 1120 576 0
O 1120 304 1120 256 1
t 624 256 672 256 0 1 -10.640952408034288 0.6028890620506204 100.0
t 624 352 672 352 0 -1 30.001363617426158 12.079096446173207 100.0
w 960 576 1120 576 0
r 880 576 960 576 0 1000.0
w 672 240 720 240 0
w 720 240 720 224 0
w 672 368 720 368 0
w 720 352 720 368 0
w 720 256 720 240 0
w 880 304 1120 304 1
R 880 640 880 688 0 0 40.0 5.0 0.0 0.0 0.5
w 880 304 816 304 0
r 560 256 624 256 0 10000.0
172 224 192 176 192 0 6 0.3 5.0 0.0 0.0 0.5 Current Setpoint
r 560 352 624 352 0 10000.0
w 560 304 560 352 0
w 560 304 560 256 0
g 576 192 576 208 0
w 576 160 624 160 0
t 528 176 576 176 0 1 -3.782297553359348 0.5767500386063644 100.0
w 624 256 624 160 0
w 624 448 624 352 0
r 448 176 528 176 0 1000.0
g 624 480 624 512 0
g 752 112 752 96 0
a 864 192 960 192 1 15.0 -15.0 1000000.0
w 864 176 752 176 0
w 960 256 960 192 0
w 816 256 816 208 0
w 816 208 864 208 0
a 352 176 448 176 1 15.0 -15.0 1000000.0
w 960 192 960 64 0
w 960 64 320 64 0
w 320 64 320 160 0
w 320 160 352 160 0
r 592 464 512 464 0 1000.0
w 256 192 352 192 0
w 960 256 960 544 0
w 960 544 416 544 0
w 416 544 416 480 0
a 416 464 512 464 1 15.0 -15.0 1000000.0
a 288 448 416 448 0 15.0 -15.0 1000000.0
r 416 448 416 384 0 10000.0
r 288 432 224 432 0 10000.0
g 288 464 272 464 0
w 416 384 288 384 0
w 288 384 288 432 0
w 224 192 256 192 0
w 224 192 224 432 0
t 592 464 624 464 0 1 -30.001423602363268 -15.00005998493711 100.0
w 192 320 192 576 0
w 192 576 336 576 0
r 960 64 1024 64 0 10000.0
r 1024 64 1024 144 0 10000.0
O 1264 80 1312 80 1
R 1024 144 1024 176 0 0 40.0 5.0 0.0 0.0 0.5
z 1088 144 1088 64 1 0.805904783 5.1
g 1088 144 1088 160 0
w 1024 64 1088 64 0
a 448 304 560 304 1 15.0 -15.0 1000000.0
r 496 352 496 400 0 1000.0
r 560 352 496 352 0 10000.0
g 496 400 496 416 0
w 448 320 448 352 0
w 448 352 496 352 0
w 192 320 192 304 0
w 192 304 336 304 0
a 1152 80 1248 80 1 15.0 -15.0 1000000.0
w 1088 64 1152 64 0
w 1152 96 1136 96 0
w 1136 96 1136 128 0
w 1136 128 1248 128 0
w 1248 128 1248 80 0
w 1248 80 1264 80 0
a 192 640 288 640 1 15.0 -15.0 1000000.0
w 192 624 192 576 0
w 288 640 288 688 0
w 288 688 192 688 0
w 192 688 192 656 0
O 288 640 336 640 1
w 336 576 880 576 0
x 300 621 374 624 0 12 Voltage Out
x 1282 116 1355 119 0 12 Current Out
x 268 255 341 258 0 12 Voltage Set
x 103 171 292 174 0 12 Current Set (1V set = 1A max)
