$ 1 5.0E-6 16.13108636308289 57 5.0 50
R 128 176 80 176 0 1 60.0 2.0 -10.0 0.0 0.5
O 528 224 592 224 0
a 384 224 528 224 1 15.0 -15.0 1000000.0
w 384 240 384 288 0
r 208 176 272 176 0 10000.0
r 272 176 272 240 0 10000.0
w 272 176 336 176 0
R 272 240 272 272 0 0 40.0 12.0 0.0 0.0 0.5
r 336 176 384 176 0 1000.0
r 384 176 384 128 0 10000.0
w 384 176 384 208 0
g 384 128 384 112 0
r 384 288 528 288 0 5100.0
w 528 288 528 224 0
r 384 288 384 352 0 2000.0
g 384 352 384 368 0
r 128 176 208 176 0 1.0
O 208 176 208 128 0
w 384 208 336 208 0
O 336 208 320 208 0
z 336 272 336 208 1 0.805904783 1.4
g 336 272 336 288 0
o 0 64 0 290 40.0 7.8125E-4 0 -1
o 1 64 0 290 10.0 9.765625E-5 1 -1
