$ 1 5.0E-6 10.20027730826997 57 5.0 50
w 304 304 304 352 0
a 304 288 448 288 1 18.0 -18.0 1000000.0
w 448 288 448 352 0
r 304 352 448 352 0 10000.0
r 208 352 304 352 0 10000.0
O 448 288 512 288 0
R 208 352 160 352 0 0 40.0 18.0 0.0 0.0 0.5
174 176 160 208 256 0 1000.0 0.0050 DAC Output
g 176 256 176 272 0
R 176 160 176 128 0 0 40.0 5.0 0.0 0.0 0.5
O 208 208 208 160 0
r 304 208 384 208 0 1000.0
g 384 208 400 208 0
r 304 208 208 208 0 1000.0
w 304 208 304 272 0
o 10 64 0 290 5.0 9.765625E-5 0 -1
o 5 64 0 290 20.0 9.765625E-5 1 -1
