$ 1 5.0E-6 10.20027730826997 35 5.0 50
a 336 240 432 240 1 15.0 -15.0 1000000.0
t 432 240 480 240 0 1 -10.095494963815426 0.6704638400491094 100.0
t 480 256 528 256 0 1 -10.765958803864535 0.7858418529701416 100.0
w 480 224 528 224 0
w 528 224 528 240 0
r 528 304 528 368 0 0.1
w 528 272 528 304 1
w 336 304 336 256 0
g 528 368 528 384 0
R 528 224 528 144 0 0 40.0 12.0 0.0 0.0 0.5
w 528 304 336 304 0
174 208 176 256 272 0 20000.0 0.0050 Resistance
g 208 272 208 288 0
R 208 176 208 128 0 0 40.0 5.0 0.0 0.0 0.5
O 336 224 336 176 1
r 256 224 304 224 0 10000.0
r 304 224 304 304 0 1000.0
w 304 224 336 224 0
g 304 304 304 320 0
O 256 224 256 304 1
