$ 1 5.0E-6 10.20027730826997 50 5.0 50
a 336 272 416 272 0 15.0 -15.0 1000000.0
a 480 272 560 272 0 15.0 -15.0 1000000.0
r 336 192 416 192 0 2000.0
r 416 192 480 192 0 2000.0
r 480 192 560 192 0 10000.0
r 336 192 272 192 0 10000.0
g 272 192 256 192 0
w 336 192 336 256 0
w 416 192 416 272 0
w 480 192 480 256 0
w 560 192 560 272 0
r 112 64 176 64 0 0.1
w 176 64 176 288 0
w 176 288 336 288 0
w 480 288 480 336 0
w 480 336 112 336 0
w 112 336 112 64 0
R 112 64 64 64 0 0 40.0 12.0 0.0 0.0 0.5
174 272 64 432 112 0 100.0 0.9950000000000001 Resistance
g 352 112 352 128 0
O 560 272 608 272 1
w 272 64 176 64 1
