$ 1 5.0E-6 10.20027730826997 42 5.0 50
t 704 272 704 224 0 1 -2.5471758891297878 0.6983846213543874 100.0
t 720 320 720 272 0 1 -1.9641692806964421 0.5830066084333456 100.0
w 736 272 736 224 0
w 736 224 720 224 0
r 352 224 272 224 0 0.1
v 736 224 880 224 0 1 1000.0 0.5 0.0 0.0 0.5
R 880 224 928 224 0 0 40.0 17.0 0.0 0.0 0.5
174 240 176 272 272 0 100.0 0.9950000000000001 Load
g 240 176 240 144 0
r 352 224 352 304 0 1000.0
a 416 368 496 368 0 15.0 -15.0 1000000.0
r 416 304 496 304 0 10000.0
r 272 224 272 304 0 1000.0
r 352 384 352 448 0 10000.0
g 352 448 352 464 0
w 352 384 352 304 0
w 688 224 352 224 1
w 416 384 352 384 0
w 496 304 496 368 0
w 416 304 416 352 0
w 416 304 272 304 0
172 576 400 528 400 0 6 5.0 5.0 0.0 0.0 0.5 Voltage
r 576 320 672 320 0 10000.0
w 720 384 672 384 0
w 672 320 720 320 0
w 576 320 576 368 0
a 576 384 672 384 0 16.0 -15.0 1000000.0
O 736 224 736 176 1
O 352 224 352 192 1
r 720 320 720 384 0 1000.0
w 496 368 576 368 0
o 23 64 0 35 20.0 0.0015625 0 -1
