$ 1 5.0E-6 10.20027730826997 50 5.0 50
a 320 352 432 352 0 14.5 -14.5 1000000.0
r 288 336 224 336 0 1000.0
r 288 208 288 144 0 500.0
r 288 272 432 272 0 2000.0
w 432 272 432 352 0
w 288 336 320 336 0
g 224 336 192 336 0
R 288 144 288 112 0 0 40.0 15.0 0.0 0.0 0.5
w 288 272 288 336 0
O 432 352 480 352 1
g 208 208 192 208 0
r 288 208 288 272 0 5100.0
z 208 208 288 208 1 0.805904783 5.1
R 320 400 240 400 0 4 40.0 2.0 2.0 0.0 0.5
w 320 368 320 400 0
o 13 64 0 35 5.0 9.765625E-5 0 -1
o 9 64 0 290 20.0 9.765625E-5 1 -1
