$ 1 5.0E-6 10.20027730826997 50 5.0 50
R 432 240 384 240 0 2 1000.0 2.5 2.5 0.0 0.5
r 432 240 512 240 0 100000.0
R 432 160 384 160 0 2 1000.0 2.5 2.5 0.0 0.75
R 432 80 384 80 0 2 1000.0 2.5 2.5 0.0 0.9
R 432 336 384 336 0 2 1000.0 2.5 2.5 0.0 0.25
R 432 432 384 432 0 2 1000.0 2.5 2.5 0.0 0.01
r 432 80 512 80 0 100000.0
r 432 160 512 160 0 100000.0
r 432 336 512 336 0 100000.0
r 432 432 512 432 0 100000.0
c 512 80 512 112 0 1.0E-5 4.50013969931225
c 512 160 512 192 0 1.0E-5 3.7495532425392915
c 512 240 512 272 0 1.0E-5 2.5008810556623065
c 512 336 512 368 0 1.0E-5 1.2504230472281623
c 512 432 512 464 0 9.999999999999999E-6 0.04996764206068907
g 512 112 512 128 0
g 512 192 512 208 0
g 512 272 512 288 0
g 512 368 512 384 0
g 512 464 512 480 0
O 512 80 560 80 0
O 512 160 560 160 0
O 512 240 560 240 0
O 512 336 560 336 0
O 512 432 560 432 0
o 20 64 0 34 5.0 9.765625E-5 0 -1
o 21 64 0 34 5.0 9.765625E-5 1 -1
o 22 64 0 34 5.0 9.765625E-5 2 -1
o 23 64 0 34 5.0 9.765625E-5 3 -1
o 24 64 0 34 0.625 9.765625E-5 4 -1
