$ 1 5.0E-6 10.20027730826997 50 5.0 50
a 336 192 448 192 1 18.0 -18.0 1000000.0
R 96 128 64 128 0 0 40.0 3.3 0.0 0.0 0.5
174 96 128 144 192 0 1000.0 0.3119 Voltage
w 272 176 336 176 0
g 96 192 96 208 0
r 336 272 400 272 0 4700.0
w 400 272 448 272 0
w 448 192 448 272 0
w 336 272 336 208 0
w 448 192 496 192 0
O 496 192 544 192 0
r 336 272 272 272 0 1000.0
a 192 176 272 176 1 18.0 -18.0 1000000.0
w 144 160 192 160 0
r 192 224 128 224 0 1000.0
r 192 224 256 224 0 1000.0
w 272 176 272 224 0
w 272 224 256 224 0
R 128 224 128 192 0 0 40.0 3.3 0.0 0.0 0.5
w 192 192 192 224 0
g 272 272 240 272 0
r 496 192 496 256 0 3.0
174 496 256 560 288 0 100.0 0.9950000000000001 Load
g 528 288 528 320 0
o 3 64 0 35 5.0 9.765625E-5 0 -1
o 10 64 0 290 20.0 9.765625E-5 1 -1
