$ 1 5.0E-6 10.20027730826997 50 5.0 50
a 448 320 528 320 0 15.0 -15.0 1000000.0
a 448 528 528 528 0 13.5 -13.5 1000000.0
a 992 576 1072 576 0 13.5 -13.5 1000000.0
r 528 528 592 528 0 1000.0
r 528 320 592 320 0 1000.0
t 592 528 624 528 0 1 0.5627819766811193 -13.799337400848932 100.0
g 624 544 624 560 0
w 784 304 832 304 0
w 832 320 832 304 0
w 832 352 864 352 0
r 864 352 928 352 0 0.1
r 864 448 864 512 0 1000.0
r 928 448 928 512 0 1000.0
r 928 512 1072 512 0 10000.0
w 1072 512 1072 576 0
w 928 512 928 560 0
w 928 560 992 560 0
w 992 592 864 592 0
w 864 592 864 512 0
w 1072 640 416 640 0
w 416 640 416 544 0
w 416 544 448 544 0
172 288 320 240 320 0 6 4.45 5.0 0.0 0.0 0.5 Voltage Set
172 448 512 400 512 0 6 5.0 5.0 0.0 0.0 0.5 Current Set
w 928 224 688 224 0
r 688 224 624 224 0 20000.0
r 624 224 624 288 0 10000.0
w 624 224 448 224 0
w 448 224 448 304 0
R 832 304 832 256 0 0 40.0 -16.5 0.0 0.0 0.5
w 992 352 992 224 0
w 992 224 928 224 0
w 992 352 1072 352 2
174 1120 352 1216 400 0 50.0 0.6287 Load
w 1168 400 1168 464 1
g 1168 464 1168 496 0
w 624 512 624 320 0
w 624 320 592 320 0
w 624 320 736 320 0
r 1072 352 1120 352 0 0.5
O 1072 640 1136 640 1
a 672 160 784 160 0 13.5 -13.5 1000000.0
w 624 224 624 176 0
w 624 176 672 176 0
w 784 160 784 112 0
w 784 112 672 112 0
w 672 112 672 144 0
O 976 96 1024 96 1
x 1046 140 1140 143 0 12 Voltage Out / 3
x 1055 670 1217 673 0 12 Current Out (1V = 1A out)
x 381 487 542 490 0 12 Current Set (1V = 1A out)
x 155 396 348 399 0 12 Voltage Set (x3 is Voltage Out)
w 928 352 992 352 0
g 624 288 592 288 0
r 864 592 800 592 0 10000.0
g 800 592 768 592 0
w 1072 576 1072 640 0
a 352 336 448 336 0 15.0 -15.0 1000000.0
g 352 352 336 352 0
r 352 320 288 320 0 10000.0
r 352 272 416 272 0 10000.0
w 352 320 352 272 0
w 416 272 448 336 0
a 880 96 976 96 1 15.0 -15.0 1000000.0
r 784 112 880 112 0 10000.0
r 880 160 976 160 0 10000.0
w 880 160 880 112 0
w 976 160 976 96 0
g 880 80 848 80 0
t 736 320 784 320 1 -1 2.1378806224699485 -0.6106374429065102 100.0
t 784 336 832 336 1 -1 2.7485180653764587 -0.7260154558275449 100.0
w 928 448 864 352 0
w 864 448 928 352 0
