$ 1 5.0E-6 13.654669808981877 37 5.0 50
T 112 208 176 208 0 4.0 0.1657264957 0.04159171626301696 1.0408340855860843E-17 0.999
T 112 256 176 256 0 4.0 0.1657264957265 0.04162662109461933 -2.108279154199172E-4 0.999
v 48 288 48 208 0 1 60.0 120.0 0.0 0.0 0.5
w 48 208 112 208 0
w 112 288 48 288 0
p 288 208 288 288 0
w 240 208 288 208 0
w 288 288 240 288 0
w 240 208 176 208 0
w 336 256 320 256 0
w 320 256 320 208 0
w 320 208 288 208 0
w 288 288 288 304 0
w 288 304 416 304 0
w 416 304 416 256 0
w 416 256 400 256 0
w 368 224 368 208 0
w 368 208 464 208 0
w 368 288 464 288 0
d 368 288 400 256 1 0.805904783
d 368 288 336 256 1 0.805904783
d 336 256 368 224 1 0.805904783
d 400 256 368 224 1 0.805904783
w 176 240 176 256 0
w 176 288 240 288 0
w 464 208 496 208 0
w 464 288 496 288 0
g 176 256 192 256 0
w 496 208 544 208 0
w 496 288 544 288 0
w 112 240 48 288 0
w 112 256 48 208 0
O 608 208 640 208 0
O 608 288 640 288 0
w 544 288 608 288 0
w 544 208 608 208 0
c 544 288 544 336 0 0.0136 -17.6671699105055
c 544 208 544 160 0 0.0136 17.16235864415829
g 544 160 544 144 0
g 544 336 544 352 0
r 624 320 608 288 0 3.0
r 608 208 624 160 0 3.0
174 624 160 688 192 0 10.0 0.3416 Load +
174 624 320 688 352 0 10.0 0.8663000000000001 Load -
g 656 352 656 368 0
g 656 192 656 208 0
o 5 64 0 290 160.0 9.765625E-5 0 -1
o 32 64 0 290 80.0 9.765625E-5 1 -1
o 33 64 0 290 80.0 9.765625E-5 2 -1
