$ 1 5.0E-6 10.20027730826997 46 5.0 50
r 160 448 208 448 0 0.1
r 160 448 160 528 0 1000.0
r 128 704 128 784 0 10000.0
g 128 784 128 800 0
r 208 448 208 528 0 1000.0
r 208 576 272 576 0 10000.0
a 272 704 368 704 1 15.0 -15.0 1000000.0
r 368 704 416 704 0 1000.0
t 416 704 464 704 0 1 -3.505703822902472 0.635225951168594 100.0
g 464 720 464 736 0
172 272 720 272 768 0 6 1.3 5.0 0.0 0.0 0.5 Current Set
a 416 848 512 848 1 15.0 0.0 1000000.0
w 464 528 512 528 0
w 416 896 416 864 0
172 416 832 384 832 0 6 3.8 5.0 0.0 0.0 0.5 Voltage Set
t 464 528 464 496 1 1 -11.240083781483794 0.6394964605769342 100.0
t 480 496 480 448 1 1 -11.879580242060726 0.7548744734979711 100.0
w 448 496 448 448 0
w 448 448 464 448 0
w 448 448 208 448 0
w 416 896 512 896 0
r 512 768 512 816 0 1000.0
w 512 816 512 848 0
r 560 800 560 896 0 2000.0
r 560 896 560 960 0 1000.0
g 560 960 560 976 0
w 512 896 560 896 0
174 640 448 704 480 0 100.0 0.0149 Load
w 560 448 640 448 2
w 672 480 672 560 1
g 672 560 672 592 0
R 160 448 112 448 0 3 60.0 2.5 15.0 0.0 0.5
c 416 704 416 752 0 1.0E-6 0.635225951168594
g 416 752 416 768 0
d 496 448 560 448 1 0.805904783
O 336 576 384 576 1
r 272 576 336 576 0 10000.0
c 336 576 336 608 0 1.0E-6 1.300007425485273
g 336 608 336 624 0
O 560 896 640 896 1
w 560 800 560 448 0
w 512 768 512 528 0
w 160 528 128 528 0
w 128 528 128 704 0
w 208 528 208 576 0
w 272 576 272 688 0
a 192 688 272 688 1 15.0 -15.0 1000000.0
w 192 704 128 704 0
w 192 672 192 576 0
w 192 576 208 576 0
x 264 924 534 927 0 12 Voltage Set - Output is 3x set point voltage
x 45 846 339 849 0 12 Current Set - Output is up to 1A/1V of set point
w 464 688 464 528 0
