$ 1 5.0E-6 66.51416330443618 60 5.0 50
R 384 288 336 288 1 2 1000.0 5.0 5.0 0.0 0.5
164 384 288 512 288 0 4 0.0 5.0 5.0 5.0 false
164 384 160 400 160 0 4 5.0 0.0 5.0 5.0 false
g 384 256 368 256 0
r 480 384 544 384 0 1963.0
r 480 352 544 352 0 1975.0
r 480 320 544 320 0 1980.0
r 480 288 544 288 0 1971.0
r 480 256 544 256 0 1972.0
r 480 224 544 224 0 1967.0
r 480 192 544 192 0 1968.0
r 480 160 544 160 0 1971.0
g 384 384 368 384 0
I 320 160 384 160 0 0.5
w 480 288 368 208 0
w 368 208 320 208 0
w 320 208 320 160 0
r 544 384 544 432 0 1963.0
g 544 432 544 448 0
r 544 352 544 384 0 993.0
r 544 320 544 352 0 992.0
r 544 288 544 320 0 982.0
r 544 256 544 288 0 988.0
r 544 224 544 256 0 982.0
r 544 192 544 224 0 984.0
r 544 160 544 192 0 987.0
O 544 160 544 112 0
a 624 112 720 112 1 15.0 -15.0 1000000.0
w 624 96 544 160 0
r 624 192 624 256 0 2000.0
R 624 256 624 288 0 0 40.0 5.0 0.0 0.0 0.5
r 624 192 720 192 0 2000.0
w 720 112 720 192 0
w 624 128 624 192 0
O 720 112 752 112 0
o 26 64 0 34 5.0 9.765625E-5 0 -1
o 34 64 0 34 10.0 9.765625E-5 1 -1
