$ 1 5.0E-6 119.19350207351468 50 5.0 50
165 400 208 416 208 2 12.0
c 400 336 400 432 0 1.0000000000000001E-7 6.841721807848232
c 464 368 464 432 0 1.0E-8 7.999999999999998
r 528 272 640 272 0 100.0
w 400 336 400 304 0
w 400 304 320 304 0
w 320 240 400 240 0
r 320 240 320 176 0 10000.0
174 320 304 272 240 0 150000.0 0.24260000000000004 Resistance
w 272 272 272 304 0
w 272 304 320 304 0
w 320 176 464 176 0
w 464 176 528 176 0
w 528 176 528 240 0
w 224 432 400 432 0
w 400 432 464 432 0
w 224 176 320 176 0
t 640 208 688 208 0 1 -0.0020176547591983507 0.5934435527409772 100.0
t 640 336 688 336 0 -1 11.997982345240802 0.5934435527409772 100.0
w 640 336 640 272 0
w 640 272 640 208 0
w 528 176 688 176 0
w 688 176 688 192 0
w 464 432 688 432 0
w 688 432 688 352 0
w 688 224 688 272 0
w 688 272 688 320 0
c 688 272 752 272 0 0.0026999999999999997 6.239319657386256
T 816 272 880 336 0 4.0 16.0 0.0020378313021834193 -3.726944927529243E-20 0.999
w 816 336 816 432 0
v 176 432 176 176 0 0 40.0 12.0 0.0 0.0 0.5
w 176 176 224 176 0
w 176 432 224 432 0
c 224 432 224 240 0 9.999999999999999E-5 -11.999999999996447
r 224 240 224 176 0 100.0
O 880 272 928 272 0
O 880 336 928 336 0
l 752 272 816 272 0 1.0E-6 0.0020378313021818194
w 688 432 816 432 0
o 36 64 0 42 320.0 2.44140625E-5 0 -1
