$ 1 5.0E-6 10.20027730826997 50 5.0 50
a 320 224 384 224 0 8.0 0.0 1000000.0
r 384 224 384 176 0 3300.0
153 464 240 496 240 0 2 5.0
153 464 336 496 336 0 2 0.0
a 320 352 384 352 0 8.0 0.0 1000000.0
r 400 176 400 352 0 3300.0
w 384 352 400 352 0
w 384 176 400 176 0
w 384 224 464 224 0
w 400 352 464 352 0
w 464 320 464 304 0
w 464 304 496 304 0
w 496 304 496 240 0
w 464 256 464 272 0
w 464 272 512 272 0
w 512 272 512 336 0
w 512 336 496 336 0
w 320 240 304 240 0
w 304 336 320 336 0
174 256 176 256 240 0 10000.0 0.06440000000000001 A
174 224 336 224 400 0 10000.0 0.2624 B
w 272 208 320 208 0
w 240 368 320 368 0
w 256 240 256 400 0
w 256 400 224 400 0
w 224 336 224 176 0
w 224 176 256 176 0
w 256 176 384 176 0
r 608 336 608 384 0 10000.0
r 608 384 608 432 0 100000.0
w 512 336 608 336 0
g 608 432 608 464 0
g 224 400 224 464 0
178 720 336 784 336 0 1 0.2 -7.745107559845325E-8 0.05 1000000.0 0.02 20.0
f 608 384 656 384 4 1.5
w 656 400 656 432 0
w 656 432 608 432 0
w 656 368 688 368 0
d 688 368 688 432 1 0.805904783
w 688 368 720 368 0
w 720 384 720 432 0
w 720 432 688 432 0
w 720 432 816 432 0
w 816 432 816 320 0
w 816 320 784 320 0
172 880 320 880 208 0 6 1.2 15.0 0.0 0.0 0.5 Battery
d 720 256 720 336 1 0.805904783
172 720 256 720 208 0 6 8.4 60.0 0.0 0.0 0.5 Rectifier
r 160 176 160 288 0 3300.0
r 160 288 160 400 0 3300.0
w 160 288 304 288 0
w 304 288 304 240 0
w 304 288 304 336 0
w 608 256 608 128 0
w 608 128 160 128 0
w 160 128 160 176 0
w 160 400 224 400 0
R 400 176 496 176 0 0 40.0 8.0 0.0 0.0 0.5
w 608 256 720 336 0
174 816 320 832 288 0 100000.0 0.0545 Load
w 880 320 832 304 0
o 21 64 0 35 10.0 9.765625E-5 0 -1
o 22 64 0 35 10.0 9.765625E-5 1 -1
