$ 1 5.0E-6 10.20027730826997 50 5.0 50
a 352 304 448 304 1 5.0 0.0 1000000.0
g 272 368 272 400 0
R 176 288 112 288 0 1 40.0 13.0 0.0 0.0 0.5
O 448 304 512 304 0
O 304 288 224 176 0
r 352 368 448 368 0 1000.0
w 448 304 448 368 0
w 272 368 352 368 0
162 304 288 304 320 1 2.1024259 1.0 0.0 0.0
162 272 320 272 288 1 2.1024259 1.0 0.0 0.0
w 304 288 352 288 0
w 272 288 304 288 0
w 272 352 304 352 0
r 176 288 272 288 0 10000.0
w 352 368 352 320 0
r 304 320 304 352 0 5000.0
w 304 352 352 320 0
w 272 320 272 352 0
o 2 64 0 35 20.0 0.003125 0 -1
o 3 64 0 290 20.0 9.765625E-5 1 -1
o 4 64 0 290 20.0 9.765625E-5 2 -1